51
283
15
6
111
17
15
527
34
22
21
385
388
413
429
442
408
435
423
431
475
423
527
369
557
510
449
427
501
583
376
656
682
517
650
797
906
643
611
442
840
640
743
614
606
850
96
89
135
148
146
214
71
225
166
117
104
122
118
145
48
173
121
91
303
301
305
223
75
109
201
306
182
130
131
158
51
205
453
454
78
412
375
23
229
217
257
184
616
476
935
827
1474
720
702
543
620
945
393
473
449
506
664
328
423
355
787
768
606
451
1491
725
1044
277
353
467
897
1038
547
1058
666
534
265
551
1076
640
1347
802
479
310
513
392
799
466
194
552
776
834
1190
22
12
2
0
3
1
127
28
46
51
60
93
32
31
13
32
26
29
23
82
37
11
8
18
20
118
94
120
63
89
68
112
17
123
108
119
60
102
80
110
122
118
106
98
130
86
93
81
95
84
76
121
1126
183
207
350
118
231
830
127
327
122
403
90
455
124
935
520
202
429
94
661
161
376
80
564
231
160
106
103
43
47
74
4
190
176
208
62
45
72
179
190
102
175
45
163
170
198
167
162
167
163
175
144
173
189
94
160
124
165
76
148
156
163
43
66
18
185
52
60
37
157
141
171
171
176
227
221
185
158
224
221
223
188
190
157
417
435
796
1114
42
52
34
45
48
66
31
46
47
41
39
19
41
31
44
47
58
52
32
20
38
56
78
17
56
40
35
13
64
51
139
67
31
52
16
37
132
28
17
46
17
24
38
38
66
22
14
128
481
104
291
611
167
917
73
215
137
240
55
62
68
52
107
225
243
156
234
48
121
24
42
49
60
109
209
186
173
141
293
149
52
83
248
177
235
152
109
26
128
102
194
241
204
53
204
51
57
54
58
54
46
56
54
57
62
60
59
52
46
68
53
56
460
355
107
682
1410
557
60
611
159
203
769
1293
1239
671
844
735
29
4
30
22
0
17
30
36
23
27
14
18
24
19
18
34
15
20
25
9
1
65
23
15
12
14
28
31
43
68
42
64
54
41
48
31
27
102
132
179
89
84
49
81
41
72
87
64
92
86
78
98
54
116
47
75
83
50
68
64
75
51
69
48
49
33
56
43
43
64
33
48
69
89
9
42
84
411
53
91
133
116
104
59
53
63
70
71
71
1
1
2
4
2
6
4
6
1
3
4
1
5
4
0
3
1
0
0
1
0
0
2
3
3
1
0
1
2
1
0
1
6
0
54
1
16
18
48
441
1545
58
1069
75
108
533
367
71
99
40
117
98
41
117
171
68
1301
72
97
1452
82
950
68
136
181
95
123
794
949
1474
43
66
2
477
20
159
12
57
1533
254
1343
1524
437
55
1040
38
67
55
45
1450
232
1260
1148
13
71
1180
622
86
36
989
1450
1467
57
56
201
68
19
1012
55
336
1272
44
394
575
1047
72
174
319
1351
472
1469
1161
1333
408
360
1257
36
52
65
978
59
41
115
1492
164
36
14
32
52
27
24
35
14
10
33
61
36
56
125
22
57
100
26
42
33
54
22
65
121
27
30
124
130
121
85
116
87
116
95
120
103
63
85
130
88
100
19
18
105
705
704
192
454
1272
505
80
73
1001
132
815
583
465
238
160
94
645
71
727
123
193
151
56
106
56
66
61
38
56
155
86
50
141
89
32
69
112
98
67
54
92
31
41
97
58
71
60
99
72
33
69
78
106
78
58
151
79
72
78
83
93
9
95
32
84
22
1047
399
746
464
383
373
762
316
305
225
419
545
166
655
268
333
941
302
539
679
775
373
590
91
547
1236
1e3
689
274
298
870
276
620
482
524
1191
234
786
269
521
89
874
549
345
287
2
9
183
33
277
141
94
128
117
265
323
291
160
2
272
268
14
244
7
258
15
301
150
4
46
14
82
320
3
323
355
367
300
295
306
275
191
609
986
1030
703
1035
244
648
592
995
866
1008
472
1379
714
1769
1232
400
866
85
317
1146
297
269
778
997
761
332
812
687
1573
1218
629
1225
1051
799
937
656
1351
542
837
67
1031
716
1636
437
569
757
1045
1091
818
673
589
881
1148
1224
687
897
1308
362
33
201
1063
640
1191
141
577
282
149
570
711
1010
742
98
1665
988
841
388
684
699
622
165
129
97
124
126
95
93
95
97
106
102
103
100
128
135
157
76
126
122
236
173
96
114
168
238
123
128
115
129
108
110
158
105
152
152
141
134
148
196
157
277
197
187
129
123
135
124
174
127
119
187
166
79
116
1204
824
639
882
1301
1499
448
1093
1066
1021
737
1481
778
557
470
401
1510
949
525
467
183
334
1682
657
633
848
727
550
1329
1208
1156
193
822
1034
73
51
49
246
53
84
66
97
45
43
233
20
63
214
368
77
57
105
121
100
83
133
57
92
373
368
41
47
81
75
181
208
79
79
93
96
68
960
508
1225
1238
412
1209
1242
1075
1079
916
695
1605
1483
231
974
1005
1131
424
958
1023
203
897
1397
1338
624
851
675
640
805
1534
1122
150
342
913
708
449
1657
695
432
914
1289
459
653
870
938
532
878
380
1521
586
639
538
1222
948
1053
908
1432
421
1134
1451
481
1583
1106
935
1552
556
1633
907
555
1498
1349
913
644
1190
1156
1557
1600
727
1192
634
137
1113
260
696
1382
801
836
465
1336
660
1460
533
1338
617
1508
845
620
1165
672
1324
1363
909
1191
957
1058
382
1054
1315
799
94
597
1409
376
730
614
1469
796
839
1419
225
1277
1373
1347
805
560
748
1272
749
680
483
519
236
997
788
303
411
1028
1557
758
1487
1434
479
1616
1330
1632
1287
383
903
748
927
981
1208
635
1660
621
1483
1294
691
1511
477
323
1144
244
976
865
1281
831
105
1444
990
964
1142
744
953
734
755
841
1482
1427
959
297
1606
451
1365
912
1668
820
1374
1653
642
1245
964
1134
527
469
950
1563
809
1276
696
850
1116
1483
696
788
205
830
1190
1132
1297
1350
884
974
539
289
792
1169
457
1217
800
449
614
649
1369
594
1687
633
1500
172
911
953
1542
711
1719
838
481
922
1559
1019
177
878
1097
680
452
784
605
1673
915
1256
984
1354
888
666
642
1157
977
193
673
1653
939
984
893
1361
677
1545
1473
1192
715
1512
1337
905
1031
1692
1234
1523
438
1332
1103
1120
912
875
755
633
365
529
949
810
217
818
466
718
551
865
500
1541
1149
1245
411
1595
562
906
664
1133
654
1342
412
1216
1416
1024
1392
1744
983
1531
834
1234
538
930
1342
820
108
813
962
1297
1019
1150
867
1079
1161
1213
1532
1175
732
1175
1065
345
769
1705
1317
1195
607
1598
538
636
632
958
1290
794
1115
1539
861
651
439
391
939
317
1504
916
955
1180
861
1022
188
686
350
936
348
578
149
1085
384
1267
690
999
948
842
1245
322
1059
1464
1175
1470
384
1260
786
1193
530
903
1267
925
548
1523
893
572
1756
701
702
1499
444
1076
1421
548
1181
1215
1630
1706
1246
596
1105
949
1673
347
1579
970
1406
1502
270
933
1532
1280
309
1559
1778
754
473
525
556
716
835
1651
643
730
592
928
1210
1067
284
1585
1035
401
219
1468
1547
1817
897
697
1353
532
80
1598
1774
527
1318
845
1165
794
1178
1396
1201
1346
643
1684
1643
916
517
1522
1074
1155
659
321
763
927
791
1154
611
820
1361
1262
1416
892
1044
862
1330
838
652
1553
969
1619
1795
525
946
1578
1414
641
372
533
1196
1464
747
1382
927
1065
1088
1081
318
1181
1004
1495
1413
719
1719
1002
534
1108
546
678
1513
1143
236
1528
358
489
1605
1073
566
655
655
841
1012
1147
1049
1605
177
1151
881
773
1621
490
479
1363
674
614
863
457
221
314
1038
387
904
901
458
734
760
616
105
796
839
1030
332
210
65
499
963
363
215
224
999
155
130
94
107
97
82
98
94
93
259
212
100
148
85
98
122
101
60
68
56
61
61
36
22
16
15
15
13
33
17
13
945
1559
1185
954
1157
727
1488
906
1457
1077
913
779
1019
501
1672
1581
1521
1432
1096
1592
1157
821
1500
919
1043
1570
664
1446
189
1497
1517
1225
643
46
1477
571
114
1040
779
1470
590
711
713
326
90
518
226
1111
1296
1054
1546
1531
833
1545
593
1664
1358
487
302
531
1011
1663
187
1630
654
1611
1661
1495
1309
899
1511
718
164
112
1340
1589
1526
1260
1025
1599
1087
1538
54
720
999
813
1516
567
954
1666
325
1445
743
1218
422
226
841
473
190
1672
1126
707
1494
481
771
1068
578
1055
740
1218
1628
1516
789
443
1159
829
724
351
279
415
1112
1104
430
427
1620
943
1625
857
1226
112
162
449
757
557
53
295
111
1598
1152
1356
277
1586
504
946
423
106
1611
611
896
1065
112
1426
1702
1152
718
173
1392
1286
262
87
1483
578
630
1068
755
243
1505
229
1504
19
1568
1197
831
1191
1643
713
317
1487
980
1153
1140
75
1
82
138
163
145
62
33
64
101
125
110
117
147
60
21
147
38
144
24
155
45
27
159
155
137
194
139
45
3
98
61
173
4
12
2
2
424
941
1145
795
279
701
894
1334
1118
617
557
1271
940
542
688
1037
816
798
1340
854
1077
29
1168
1071
740
187
592
1007
808
995
989
515
625
1104
1041
589
688
898
1023
1256
1131
1034
936
1324
816
770
890
1209
828
1060
1216
534
1091
1042
1266
1033
1008
792
922
323
729
947
1310
1249
318
175
970
952
909
1019
1005
1011
833
467
424
919
962
843
1264
3
1385
976
288
925
395
735
565
1145
662
1133
830
1144
853
1148
683
362
1334
793
1047
791
996
442
578
984
1015
725
168
122
49
88
90
37
46
20
72
189
68
163
115
171
200
108
102
133
0
69
47
31
49
54
48
160
55
53
50
55
59
30
66
18
70
1027
251
177
135
199
118
101
104
19
112
85
167
108
197
161
103
87
73
16
6
9
8
10
6
12
1
0
17
13
20
2
5
2
0
3
3
0
0
0
0
78
65
77
75
41
66
94
52
72
134
132
28
52
72
53
21
78
111
75
63
212
196
211
302
232
177
83
159
100
109
66
78
97
115
480
151
260
726
579
881
411
728
391
959
273
995
560
716
265
393
402
546
604
1003
386
408
308
729
567
438
1351
861
442
451
1298
257
836
260
262
425
288
872
133
460
256
610
1050
882
186
745
275
92
429
522
460
967
704
487
706
290
266
244
245
276
265
283
263
286
266
276
288
272
263
253
264
274
268
262
248
188
150
119
226
186
189
95
33
183
5
160
220
33
129
161
60
155
21
160
157
6
19
213
151
712
